101 101 10201
101 111 11211
101 121 12221
101 131 13231
101 141 14241
101 151 15251
101 161 16261
101 171 17271
101 181 18281
101 191 19291
101 202 20402
101 212 21412
101 222 22422
101 232 23432
101 242 24442
101 252 25452
101 262 26462
101 272 27472
101 282 28482
101 292 29492
101 303 30603
101 313 31613
101 323 32623
101 333 33633
101 343 34643
101 353 35653
101 363 36663
101 373 37673
101 383 38683
101 393 39693
101 404 40804
101 414 41814
101 424 42824
101 434 43834
101 444 44844
101 454 45854
101 464 46864
101 474 47874
101 484 48884
101 494 49894
102 201 20502
102 206 21012
102 407 41514
102 412 42024
102 613 62526
102 618 63036
102 819 83538
102 824 84048
103 204 21012
103 254 26162
103 408 42024
103 458 47174
103 612 63036
103 662 68186
103 816 84048
103 866 89198
104 203 21112
104 268 27872
104 406 42224
104 471 48984
104 609 63336
104 777 80808
104 812 84448
104 847 88088
105 481 50505
105 507 53235
105 531 55755
105 557 58485
106 202 21412
106 222 23532
106 242 25652
106 262 27772
106 282 29892
106 384 40704
106 404 42824
106 424 44944
107 236 25252
107 422 45154
107 608 65056
107 691 73937
107 877 93839
108 259 27972
108 274 29592
108 433 46764
108 448 48384
108 592 63936
108 607 65556
108 622 67176
108 766 82728
108 781 84348
109 139 15151
109 594 64746
109 683 74447
109 733 79897
109 772 84148
109 822 89598
109 911 99299
111 101 11211
111 111 12321
111 121 13431
111 131 14541
111 141 15651
111 151 16761
111 161 17871
111 171 18981
111 182 20202
111 192 21312
111 202 22422
111 212 23532
111 222 24642
111 232 25752
111 242 26862
111 252 27972
111 273 30303
111 283 31413
111 293 32523
111 303 33633
111 313 34743
111 323 35853
111 333 36963
111 364 40404
111 374 41514
111 384 42624
111 394 43734
111 404 44844
111 414 45954
111 455 50505
111 465 51615
111 475 52725
111 485 53835
111 495 54945
111 546 60606
111 556 61716
111 566 62826
111 576 63936
111 637 70707
111 647 71817
111 657 72927
111 728 80808
111 738 81918
111 819 90909
112 211 23632
112 266 29792
112 377 42224
112 432 48384
112 588 65856
112 754 84448
113 244 27572
113 438 49494
113 455 51415
113 649 73337
113 699 78987
113 716 80908
113 843 95259
114 233 26562
114 381 43434
114 529 60306
114 599 68286
114 614 69996
114 747 85158
114 762 86868
115 455 52325
115 469 53935
115 491 56465
116 182 21112
116 202 23432
116 222 25752
116 364 42224
116 384 44544
116 404 46864
116 526 61016
116 546 63336
116 566 65656
116 586 67976
116 708 82128
116 728 84448
116 748 86768
117 246 28782
117 259 30303
117 455 53235
117 518 60606
117 651 76167
117 714 83538
117 777 90909
117 847 99099
118 184 21712
118 214 25252
118 398 46964
118 547 64546
118 577 68086
118 696 82128
118 761 89798
119 129 15351
119 376 44744
119 455 54145
119 584 69496
119 702 83538
119 831 98889
121 101 12221
121 111 13431
121 121 14641
121 131 15851
121 182 22022
121 192 23232
121 202 24442
121 212 25652
121 222 26862
121 273 33033
121 283 34243
121 293 35453
121 303 36663
121 313 37873
121 364 44044
121 374 45254
121 384 46464
121 394 47674
121 404 48884
121 455 55055
121 465 56265
121 475 57475
121 485 58685
121 495 59895
121 546 66066
121 556 67276
121 566 68486
121 576 69696
121 637 77077
121 647 78287
121 657 79497
121 728 88088
121 738 89298
121 819 99099
121 881 106601
121 991 119911
122 221 26962
122 226 27572
122 231 28182
122 332 40504
122 337 41114
122 563 68686
122 568 69296
122 669 81618
122 674 82228
123 147 18081
123 234 28782
123 271 33333
123 542 66666
123 579 71217
123 666 81918
123 726 89298
123 813 99999
123 957 117711
124 193 23932
124 356 44144
124 391 48484
124 514 63736
124 712 88288
125 417 52125
125 421 52625
125 459 57375
125 463 57875
126 202 25452
126 222 27972
126 384 48384
126 481 60606
126 643 81018
126 663 83538
127 206 26162
127 299 37973
127 342 43434
127 478 60706
127 548 69596
127 591 75057
127 684 86868
127 727 92329
128 318 40704
128 333 42624
128 348 44544
128 363 46464
128 378 48384
129 119 15351
129 267 34443
129 386 49794
129 415 53535
129 534 68886
129 563 72627
129 682 87978
129 711 91719
131 101 13231
131 111 14541
131 121 15851
131 192 25152
131 202 26462
131 212 27772
131 283 37073
131 293 38383
131 303 39693
132 166 21912
132 176 23232
132 352 46464
132 463 61116
132 528 69696
132 639 84348
133 164 21812
133 224 29792
133 281 37373
133 502 66766
133 559 74347
134 153 20502
134 208 27872
134 346 46364
134 499 66866
134 637 85358
135 407 54945
135 413 55755
135 419 56565
135 425 57375
135 431 58185
136 202 27472
136 309 42024
136 329 44744
136 511 69496
136 618 84048
136 638 86768
137 143 19591
137 146 20002
137 216 29592
137 219 30003
137 289 39593
137 292 40004
137 362 49594
137 365 50005
137 435 59595
137 438 60006
137 508 69596
137 511 70007
137 581 79597
137 584 80008
137 654 89598
137 657 90009
137 727 99599
137 803 110011
138 303 41814
138 333 45954
138 437 60306
138 467 64446
138 497 68586
138 631 87078
139 109 15151
139 178 24742
139 287 39893
139 375 52125
139 444 61716
139 484 67276
139 553 76867
139 759 105501
141 101 14241
141 111 15651
141 192 27072
141 202 28482
141 212 29892
142 478 67876
142 483 68586
142 488 69296
142 584 82928
142 589 83638
142 594 84348
142 599 85058
143 137 19591
143 154 22022
143 231 33033
143 308 44044
143 385 55055
143 462 66066
143 539 77077
143 616 88088
143 693 99099
143 707 101101
143 777 111111
143 847 121121
143 917 131131
143 987 141141
144 148 21312
144 188 27072
144 296 42624
144 336 48384
144 444 63936
144 484 69696
144 557 80208
145 349 50605
145 365 52925
145 395 57275
145 411 59595
146 137 20002
146 157 22922
146 202 29492
146 274 40004
146 294 42924
146 339 49494
146 411 60006
146 431 62926
146 476 69496
146 548 80008
146 568 82928
146 613 89498
147 123 18081
147 292 42924
147 448 65856
147 481 70707
147 604 88788
147 637 93639
148 144 21312
148 159 23532
148 174 25752
148 189 27972
148 273 40404
148 288 42624
148 303 44844
148 417 61716
148 432 63936
148 546 80808
149 503 74947
149 562 83738
149 602 89698
149 621 92529
149 661 98489
151 101 15251
151 111 16761
151 477 72027
151 487 73537
151 578 87278
151 588 88788
152 196 29792
152 307 46664
152 317 48184
152 418 63536
152 428 65056
152 529 80408
153 134 20502
153 375 57375
153 412 63036
153 509 77877
153 546 83538
154 143 22022
154 183 28182
154 286 44044
154 429 66066
154 572 88088
155 333 51615
155 361 55955
155 363 56265
156 259 40404
156 314 48984
156 406 63336
156 518 80808
156 553 86268
157 146 22922
157 166 26062
157 229 35953
157 249 39093
157 312 48984
157 451 70807
157 534 83838
157 617 96869
157 693 108801
157 913 143341
158 179 28282
158 273 43134
158 303 47874
158 397 62726
158 546 86268
159 148 23532
159 188 29892
159 256 40704
159 453 72027
159 493 78387
159 601 95559
161 101 16261
161 111 17871
161 325 52325
161 335 53935
161 426 68586
163 184 29992
163 365 59495
163 422 68786
163 603 98289
163 627 102201
164 133 21812
164 178 29192
164 271 44444
164 409 67076
164 502 82328
164 542 88888
165 311 51315
165 333 54945
165 341 56265
165 363 59895
166 132 21912
166 157 26062
166 244 40504
166 289 47974
166 401 66566
166 513 85158
167 176 29392
167 199 33233
167 398 66466
167 421 70307
167 597 99699
168 288 48384
168 377 63336
168 392 65856
168 481 80808
169 315 53235
169 355 59995
169 364 61516
169 581 98189
171 101 17271
171 111 18981
171 254 43434
171 498 85158
171 508 86868
173 181 31313
173 268 46364
173 362 62626
173 449 77677
173 543 93939
173 957 165561
174 148 25752
174 256 44544
174 364 63336
174 472 82128
175 299 52325
175 329 57575
176 132 23232
176 167 29392
176 229 40304
176 264 46464
176 361 63536
176 396 69696
176 458 80608
176 493 86768
177 315 55755
177 335 59295
177 464 82128
177 557 98589
178 139 24742
178 164 29192
178 248 44144
178 387 68886
178 471 83838
178 496 88288
179 158 28282
179 285 51015
179 364 65156
179 443 79297
179 452 80908
179 869 155551
181 101 18281
181 173 31313
181 274 49594
181 346 62626
181 437 79097
181 509 92129
181 519 93939
182 111 20202
182 116 21112
182 121 22022
182 222 40404
182 227 41314
182 232 42224
182 237 43134
182 242 44044
182 333 60606
182 338 61516
182 343 62426
182 348 63336
182 353 64246
182 358 65156
182 363 66066
182 444 80808
182 449 81718
182 454 82628
182 459 83538
182 464 84448
182 469 85358
182 474 86268
182 479 87178
182 484 88088
183 154 28182
183 409 74847
183 446 81618
184 118 21712
184 163 29992
184 241 44344
184 437 80408
184 482 88688
185 273 50505
185 279 51615
185 285 52725
185 291 53835
185 297 54945
186 473 87978
187 222 41514
187 242 45254
187 464 86768
187 683 127721
187 713 133331
187 903 168861
187 933 174471
187 963 180081
188 144 27072
188 159 29892
188 238 44744
188 461 86668
189 148 27972
189 256 48384
189 295 55755
189 403 76167
189 442 83538
189 481 90909
191 101 19291
191 193 36863
191 275 52525
191 458 87478
192 111 21312
192 121 23232
192 131 25152
192 141 27072
192 212 40704
192 222 42624
192 232 44544
192 242 46464
192 252 48384
192 333 63936
192 343 65856
192 353 67776
192 363 69696
193 124 23932
193 191 36863
193 258 49794
193 369 71217
193 436 84148
193 503 97079
193 737 142241
195 259 50505
195 273 53235
196 152 29792
196 219 42924
196 336 65856
196 453 88788
197 222 43734
197 242 47674
197 361 71117
197 381 75057
198 327 64746
198 352 69696
198 426 84348
198 451 89298
199 167 33233
199 236 46964
199 334 66466
199 501 99699
201 102 20502
201 295 59295
201 397 79797
201 489 98289
202 101 20402
202 106 21412
202 111 22422
202 116 23432
202 121 24442
202 126 25452
202 131 26462
202 136 27472
202 141 28482
202 146 29492
202 202 40804
202 207 41814
202 212 42824
202 217 43834
202 222 44844
202 227 45854
202 232 46864
202 237 47874
202 242 48884
202 247 49894
203 104 21112
203 208 42224
203 312 63336
203 416 84448
204 103 21012
204 206 42024
204 309 63036
204 412 84048
205 271 55555
206 102 21012
206 127 26162
206 204 42024
206 229 47174
206 306 63036
206 331 68186
206 408 84048
206 433 89198
207 202 41814
207 222 45954
207 447 92529
207 467 96669
208 134 27872
208 203 42224
208 406 84448
209 275 57475
209 304 63536
209 489 102201
209 659 137731
209 739 154451
209 819 171171
209 909 189981
209 978 204402
211 112 23632
211 214 45154
211 326 68786
211 439 92629
212 101 21412
212 111 23532
212 121 25652
212 131 27772
212 141 29892
212 192 40704
212 202 42824
212 212 44944
213 322 68586
213 359 76467
213 396 84348
213 433 92229
214 118 25252
214 211 45154
214 304 65056
215 241 51815
215 249 53535
215 257 55255
216 137 29592
216 224 48384
216 296 63936
216 311 67176
216 383 82728
217 202 43834
217 351 76167
218 297 64746
218 386 84148
218 411 89598
219 137 30003
219 196 42924
219 226 49494
219 274 60006
219 333 72927
219 363 79497
219 411 90009
221 122 26962
221 245 54145
221 378 83538
222 101 22422
222 106 23532
222 111 24642
222 116 25752
222 121 26862
222 126 27972
222 182 40404
222 187 41514
222 192 42624
222 197 43734
222 202 44844
222 207 45954
222 273 60606
222 278 61716
222 283 62826
222 288 63936
222 364 80808
222 369 81918
222 946 210012
223 255 56865
223 265 59095
223 366 81618
223 443 98789
223 847 188881
224 133 29792
224 216 48384
224 294 65856
224 377 84448
225 233 52425
225 255 57375
226 122 27572
226 219 49494
226 358 80908
227 182 41314
227 202 45854
227 364 82628
227 437 99199
227 803 182281
228 307 69996
228 381 86868
229 157 35953
229 176 40304
229 206 47174
229 352 80608
229 382 87478
231 122 28182
231 143 33033
231 286 66066
231 429 99099
231 471 108801
231 481 111111
231 601 138831
231 611 141141
231 731 168861
231 741 171171
231 861 198891
231 952 219912
231 962 222222
232 101 23432
232 111 25752
232 182 42224
232 192 44544
232 202 46864
232 263 61016
232 273 63336
232 283 65656
232 293 67976
232 354 82128
232 364 84448
232 374 86768
233 114 26562
233 225 52425
233 339 78987
234 123 28782
234 259 60606
234 357 83538
235 239 56165
235 245 57575
235 251 58985
236 107 25252
236 199 46964
236 348 82128
237 182 43134
237 202 47874
237 364 86268
237 387 91719
238 188 44744
238 292 69496
238 351 83538
238 924 219912
239 235 56165
239 254 60706
239 284 67876
239 539 128821
241 184 44344
241 215 51815
241 368 88688
242 101 24442
242 106 25652
242 111 26862
242 182 44044
242 187 45254
242 192 46464
242 197 47674
242 202 48884
242 273 66066
242 278 67276
242 283 68486
242 288 69696
242 364 88088
242 369 89298
242 831 201102
242 886 214412
242 941 227722
244 113 27572
244 166 40504
244 284 69296
244 337 82228
245 221 54145
245 235 57575
246 117 28782
246 271 66666
246 333 81918
246 363 89298
247 202 49894
247 301 74347
247 693 171171
248 178 44144
248 257 63736
248 356 88288
248 869 215512
249 157 39093
249 215 53535
249 342 85158
251 235 58985
251 266 66766
251 297 74547
251 328 82328
251 359 90109
252 101 25452
252 111 27972
252 192 48384
253 417 105501
253 527 133331
253 637 161161
253 707 178871
253 874 221122
253 944 238832
254 103 26162
254 171 43434
254 239 60706
254 274 69596
254 342 86868
255 223 56865
255 225 57375
256 159 40704
256 174 44544
256 189 48384
257 215 55255
257 248 63736
258 193 49794
258 267 68886
258 341 87978
258 814 210012
259 108 27972
259 117 30303
259 156 40404
259 195 50505
259 234 60606
259 273 70707
259 312 80808
259 351 90909
259 429 111111
259 858 222222
261 451 117711
262 101 26462
262 106 27772
263 232 61016
263 343 90209
264 176 46464
264 264 69696
264 808 213312
264 833 219912
264 888 234432
264 968 255552
265 223 59095
266 112 29792
266 251 66766
266 902 239932
267 129 34443
267 258 68886
267 314 83838
268 104 27872
268 173 46364
269 273 73437
269 371 99799
271 123 33333
271 164 44444
271 205 55555
271 246 66666
271 287 77777
271 328 88888
271 369 99999
271 451 122221
271 902 244442
272 101 27472
272 309 84048
272 319 86768
273 111 30303
273 121 33033
273 148 40404
273 158 43134
273 185 50505
273 195 53235
273 222 60606
273 232 63336
273 242 66066
273 259 70707
273 269 73437
273 279 76167
273 296 80808
273 306 83538
273 316 86268
273 333 90909
273 343 93639
273 353 96369
273 363 99099
273 407 111111
273 517 141141
273 627 171171
273 814 222222
273 924 252252
274 108 29592
274 146 40004
274 181 49594
274 219 60006
274 254 69596
274 292 80008
274 327 89598
274 803 220022
275 191 52525
275 209 57475
277 357 98889
277 726 201102
278 222 61716
278 242 67276
279 185 51615
279 273 76167
279 968 270072
281 133 37373
281 298 83738
281 339 95259
282 101 28482
282 106 29892
283 111 31413
283 121 34243
283 131 37073
283 222 62826
283 232 65656
283 242 68486
283 353 99899
284 239 67876
284 244 69296
284 292 82928
284 297 84348
285 179 51015
285 185 52725
286 154 44044
286 231 66066
286 308 88088
286 707 202202
286 742 212212
286 777 222222
286 812 232232
286 847 242242
286 882 252252
286 917 262262
286 952 272272
286 987 282282
287 139 39893
287 271 77777
287 693 198891
287 836 239932
288 148 42624
288 168 48384
288 222 63936
288 242 69696
288 814 234432
289 137 39593
289 166 47974
289 302 87278
289 331 95659
291 185 53835
291 319 92829
292 101 29492
292 137 40004
292 147 42924
292 238 69496
292 274 80008
292 284 82928
293 111 32523
293 121 35453
293 131 38383
293 232 67976
294 146 42924
294 224 65856
294 302 88788
294 748 219912
294 858 252252
295 189 55755
295 201 59295
296 144 42624
296 216 63936
296 273 80808
296 792 234432
297 185 54945
297 218 64746
297 251 74547
297 284 84348
297 317 94149
298 281 83738
298 301 89698
299 127 37973
299 175 52325
299 539 161161
301 247 74347
301 298 89698
301 561 168861
302 289 87278
302 294 88788
303 101 30603
303 111 33633
303 121 36663
303 131 39693
303 138 41814
303 148 44844
303 158 47874
303 407 123321
303 517 156651
303 627 189981
303 704 213312
303 814 246642
303 924 279972
304 209 63536
304 214 65056
306 206 63036
306 273 83538
306 737 225522
307 152 46664
307 228 69996
307 307 94249
307 836 256652
308 143 44044
308 286 88088
308 689 212212
308 714 219912
308 754 232232
308 779 239932
308 819 252252
308 844 259952
308 884 272272
308 909 279972
308 949 292292
308 974 299992
309 136 42024
309 204 63036
309 272 84048
309 748 231132
311 165 51315
311 216 67176
311 561 174471
312 157 48984
312 203 63336
312 259 80808
313 101 31613
313 111 34743
313 121 37873
314 156 48984
314 267 83838
314 913 286682
315 169 53235
315 177 55755
316 273 86268
316 682 215512
317 152 48184
317 297 94149
317 473 149941
318 128 40704
318 814 258852
319 272 86768
319 291 92829
319 369 117711
319 439 140041
319 519 165561
319 658 209902
319 728 232232
319 808 257752
319 878 280082
321 561 180081
322 213 68586
323 101 32623
323 111 35853
325 161 52325
326 211 68786
326 627 204402
327 198 64746
327 274 89598
327 836 273372
328 251 82328
328 271 88888
329 136 44744
329 175 57575
329 429 141141
329 638 209902
329 858 282282
331 206 68186
331 289 95659
331 913 302203
332 122 40504
333 101 33633
333 111 36963
333 128 42624
333 138 45954
333 155 51615
333 165 54945
333 182 60606
333 192 63936
333 219 72927
333 246 81918
333 273 90909
333 407 135531
333 704 234432
334 199 66466
335 161 53935
335 177 59295
336 144 48384
336 196 65856
337 122 41114
337 244 82228
337 979 329923
338 182 61516
339 146 49494
339 233 78987
339 281 95259
339 957 324423
341 165 56265
341 258 87978
341 381 129921
341 391 133331
341 541 184481
341 632 215512
341 782 266662
341 792 270072
341 883 301103
342 127 43434
342 249 85158
342 254 86868
343 101 34643
343 182 62426
343 192 65856
343 263 90209
343 273 93639
346 134 46364
346 181 62626
347 836 290092
348 128 44544
348 182 63336
348 236 82128
349 145 50605
351 217 76167
351 238 83538
351 259 90909
352 132 46464
352 198 69696
352 229 80608
352 606 213312
352 666 234432
352 726 255552
352 786 276672
352 846 297792
353 101 35653
353 182 64246
353 192 67776
353 273 96369
353 283 99899
354 232 82128
355 169 59995
356 124 44144
356 248 88288
357 234 83538
357 277 98889
357 473 168861
357 616 219912
358 182 65156
358 226 80908
359 213 76467
359 251 90109
361 155 55955
361 176 63536
361 197 71117
362 137 49594
362 173 62626
363 101 36663
363 128 46464
363 155 56265
363 165 59895
363 182 66066
363 192 69696
363 219 79497
363 246 89298
363 273 99099
363 407 147741
363 447 162261
363 554 201102
363 704 255552
363 744 270072
363 961 348843
364 111 40404
364 116 42224
364 121 44044
364 169 61516
364 174 63336
364 179 65156
364 222 80808
364 227 82628
364 232 84448
364 237 86268
364 242 88088
364 583 212212
364 638 232232
364 693 252252
364 748 272272
364 803 292292
365 137 50005
365 145 52925
365 163 59495
366 223 81618
368 241 88688
368 649 238832
369 193 71217
369 222 81918
369 242 89298
369 271 99999
369 319 117711
369 539 198891
371 269 99799
371 572 212212
372 726 270072
373 101 37673
374 111 41514
374 121 45254
374 232 86768
374 588 219912
374 603 225522
374 618 231132
374 713 266662
374 728 272272
375 139 52125
375 153 57375
376 119 44744
376 792 297792
377 112 42224
377 168 63336
377 224 84448
377 616 232232
378 128 48384
378 221 83538
381 114 43434
381 197 75057
381 228 86868
381 341 129921
382 229 87478
383 101 38683
383 216 82728
384 106 40704
384 111 42624
384 116 44544
384 121 46464
384 126 48384
385 143 55055
386 129 49794
386 218 84148
386 737 284482
387 178 68886
387 237 91719
387 979 378873
388 759 294492
389 957 372273
391 124 48484
391 341 133331
391 682 266662
392 168 65856
392 561 219912
393 101 39693
393 407 159951
393 704 276672
394 111 43734
394 121 47674
395 145 57275
396 176 69696
396 213 84348
396 547 216612
396 592 234432
396 637 252252
396 682 270072
396 707 279972
396 752 297792
397 158 62726
397 201 79797
397 473 187781
398 118 46964
398 167 66466
399 429 171171
401 166 66566
402 561 225522
403 189 76167
404 101 40804
404 106 42824
404 111 44844
404 116 46864
404 121 48884
404 528 213312
404 583 235532
404 638 257752
404 693 279972
406 104 42224
406 156 63336
406 208 84448
406 517 209902
406 572 232232
407 102 41514
407 135 54945
407 273 111111
407 303 123321
407 333 135531
407 363 147741
407 393 159951
407 516 210012
407 546 222222
407 576 234432
407 606 246642
407 636 258852
407 789 321123
407 819 333333
407 849 345543
407 879 357753
407 909 369963
408 103 42024
408 206 84048
408 539 219912
409 164 67076
409 183 74847
411 145 59595
411 146 60006
411 218 89598
411 219 90009
411 803 330033
412 102 42024
412 153 63036
412 204 84048
412 561 231132
413 135 55755
414 101 41814
414 111 45954
415 129 53535
416 203 84448
417 125 52125
417 148 61716
417 253 105501
418 152 63536
418 489 204402
418 529 221122
418 574 239932
418 614 256652
418 654 273372
418 694 290092
418 978 408804
419 135 56565
419 737 308803
421 125 52625
421 167 70307
422 107 45154
422 163 68786
422 616 259952
423 704 297792
424 101 42824
424 106 44944
424 946 401104
425 135 57375
426 161 68586
426 198 84348
428 152 65056
428 649 277772
429 154 66066
429 231 99099
429 259 111111
429 329 141141
429 399 171171
429 518 222222
429 588 252252
429 658 282282
429 707 303303
429 777 333333
429 847 363363
429 917 393393
429 966 414414
431 135 58185
431 146 62926
432 112 48384
432 148 63936
433 108 46764
433 206 89198
433 213 92229
434 101 43834
435 137 59595
436 193 84148
436 627 273372
437 138 60306
437 181 79097
437 184 80408
437 227 99199
437 506 221122
438 113 49494
438 137 60006
439 211 92629
439 319 140041
439 638 280082
441 451 198891
441 572 252252
442 189 83538
442 616 272272
443 179 79297
443 223 98789
443 484 214412
443 968 428824
444 101 44844
444 139 61716
444 144 63936
444 182 80808
444 473 210012
444 528 234432
444 583 258852
444 946 420024
446 183 81618
446 979 436634
447 207 92529
447 363 162261
448 108 48384
448 147 65856
449 173 77677
449 182 81718
451 157 70807
451 198 89298
451 261 117711
451 271 122221
451 441 198891
451 532 239932
451 542 244442
451 813 366663
451 823 371173
451 904 407704
451 914 412214
452 179 80908
452 902 407704
453 159 72027
453 196 88788
454 101 45854
454 182 82628
455 111 50505
455 113 51415
455 115 52325
455 117 53235
455 119 54145
455 121 55055
457 902 412214
458 103 47174
458 176 80608
458 191 87478
458 968 443344
459 125 57375
459 182 83538
461 188 86668
462 143 66066
462 476 219912
462 481 222222
462 541 249942
462 546 252252
462 606 279972
462 611 282282
462 897 414414
462 962 444444
463 125 57875
463 132 61116
464 101 46864
464 177 82128
464 182 84448
464 187 86768
465 111 51615
465 121 56265
467 138 64446
467 207 96669
467 759 354453
468 539 252252
469 115 53935
469 182 85358
471 104 48984
471 178 83838
471 231 108801
472 174 82128
472 506 238832
473 186 87978
473 317 149941
473 357 168861
473 397 187781
473 444 210012
473 761 359953
473 801 378873
473 841 397793
473 848 401104
473 888 420024
474 101 47874
474 182 86268
475 111 52725
475 121 57475
476 146 69496
476 462 219912
476 572 272272
477 151 72027
478 127 60706
478 142 67876
479 182 87178
481 105 50505
481 126 60606
481 147 70707
481 168 80808
481 189 90909
481 231 111111
481 462 222222
481 693 333333
481 924 444444
482 184 88688
483 142 68586
483 858 414414
484 101 48884
484 139 67276
484 144 69696
484 182 88088
484 443 214412
484 528 255552
484 558 270072
484 613 296692
484 831 402204
484 886 428824
484 916 443344
484 971 469964
485 111 53835
485 121 58685
487 151 73537
487 616 299992
488 142 69296
488 913 445544
489 201 98289
489 209 102201
489 418 204402
489 627 306603
489 836 408804
491 115 56465
493 159 78387
493 176 86768
494 101 49894
495 111 54945
495 121 59895
496 178 88288
496 979 485584
497 138 68586
498 171 85158
499 134 66866
499 737 367763
501 199 99699
502 133 66766
502 164 82328
503 149 74947
503 193 97079
506 437 221122
506 472 238832
506 527 266662
506 582 294492
506 819 414414
506 874 442244
506 909 459954
506 929 470074
506 964 487784
507 105 53235
508 137 69596
508 171 86868
509 153 77877
509 181 92129
509 836 425524
511 136 69496
511 137 70007
511 572 292292
512 792 405504
512 957 489984
513 166 85158
514 124 63736
516 407 210012
516 814 420024
517 273 141141
517 303 156651
517 406 209902
517 546 282282
517 576 297792
517 619 320023
517 649 335533
517 892 461164
517 922 476674
517 995 514415
518 117 60606
518 156 80808
518 429 222222
518 858 444444
519 181 93939
519 319 165561
524 528 276672
526 116 61016
527 253 133331
527 506 266662
527 759 399993
528 132 69696
528 404 213312
528 444 234432
528 484 255552
528 524 276672
528 564 297792
528 768 405504
528 808 426624
528 848 447744
528 888 468864
528 928 489984
529 114 60306
529 152 80408
529 418 221122
529 836 442244
531 105 55755
531 814 432234
532 451 239932
534 129 68886
534 157 83838
538 539 289982
538 913 491194
539 143 77077
539 239 128821
539 299 161161
539 369 198891
539 408 219912
539 468 252252
539 538 289982
539 637 343343
539 806 434434
539 975 525525
541 341 184481
541 462 249942
542 123 66666
542 164 88888
542 451 244442
542 902 488884
543 173 93939
543 935 507705
546 111 60606
546 116 63336
546 121 66066
546 148 80808
546 153 83538
546 158 86268
546 407 222222
546 462 252252
546 517 282282
546 759 414414
546 814 444444
546 869 474474
547 118 64546
547 396 216612
547 902 493394
548 127 69596
548 146 80008
548 748 409904
548 803 440044
549 935 513315
553 139 76867
553 156 86268
553 858 474474
554 363 201102
554 726 402204
555 957 531135
555 979 543345
556 111 61716
556 121 67276
557 105 58485
557 144 80208
557 177 98589
557 792 441144
558 484 270072
559 133 74347
561 301 168861
561 311 174471
561 321 180081
561 392 219912
561 402 225522
561 412 231132
561 713 399993
561 814 456654
561 824 462264
561 905 507705
561 915 513315
562 149 83738
563 122 68686
563 129 72627
563 671 377773
563 748 421124
564 528 297792
566 111 62826
566 116 65656
566 121 68486
568 122 69296
568 146 82928
572 154 88088
572 371 212212
572 406 232232
572 441 252252
572 476 272272
572 511 292292
572 707 404404
572 742 424424
572 777 444444
572 812 464464
572 847 484484
573 671 384483
574 418 239932
576 111 63936
576 121 69696
576 407 234432
576 517 297792
576 704 405504
576 814 468864
577 118 68086
577 649 374473
578 151 87278
579 123 71217
581 137 79597
581 169 98189
582 506 294492
583 364 212212
583 404 235532
583 444 258852
583 671 391193
583 688 401104
583 728 424424
583 768 447744
583 995 580085
584 119 69496
584 137 80008
584 142 82928
586 116 67976
587 935 548845
588 112 65856
588 151 88788
588 374 219912
588 429 252252
589 142 83638
591 127 75057
592 108 63936
592 396 234432
592 792 468864
593 935 554455
594 109 64746
594 142 84348
597 167 99699
598 693 414414
599 114 68286
599 142 85058
599 627 375573
599 935 560065
601 159 95559
601 231 138831
602 149 89698
603 163 98289
603 374 225522
604 147 88788
605 841 508805
605 843 510015
605 865 523325
605 887 536635
605 909 549945
605 911 551155
605 933 564465
605 955 577775
605 979 592295
606 352 213312
606 407 246642
606 462 279972
606 704 426624
606 759 459954
607 108 65556
608 107 65056
609 104 63336
611 231 141141
611 462 282282
612 103 63036
613 102 62526
613 146 89498
613 484 296692
614 114 69996
614 418 256652
614 979 601106
615 869 534435
616 143 88088
616 357 219912
616 377 232232
616 422 259952
616 442 272272
616 487 299992
616 689 424424
616 754 464464
617 157 96869
618 102 63036
618 136 84048
618 374 231132
618 748 462264
619 517 320023
621 149 92529
622 108 67176
627 163 102201
627 273 171171
627 303 189981
627 326 204402
627 436 273372
627 489 306603
627 599 375573
627 652 408804
627 762 477774
627 895 561165
627 925 579975
629 726 456654
631 138 87078
631 935 589985
632 341 215512
633 825 522225
635 803 509905
636 407 258852
636 704 447744
637 111 70707
637 121 77077
637 134 85358
637 147 93639
637 253 161161
637 396 252252
637 539 343343
637 682 434434
637 825 525525
637 935 595595
637 968 616616
638 136 86768
638 329 209902
638 364 232232
638 404 257752
638 439 280082
638 653 416614
638 728 464464
638 768 489984
638 977 623326
639 132 84348
641 825 528825
643 126 81018
645 913 588885
646 946 611116
647 111 71817
647 121 78287
649 113 73337
649 368 238832
649 428 277772
649 517 335533
649 577 374473
649 666 432234
649 726 471174
651 117 76167
652 627 408804
652 968 631136
653 638 416614
654 137 89598
654 418 273372
654 671 438834
657 111 72927
657 121 79497
657 137 90009
658 319 209902
658 429 282282
659 209 137731
661 149 98489
662 103 68186
662 913 604406
663 126 83538
664 671 445544
664 979 650056
666 123 81918
666 352 234432
666 649 432234
666 704 468864
666 946 630036
669 122 81618
671 563 377773
671 573 384483
671 583 391193
671 654 438834
671 664 445544
671 674 452254
671 755 506605
671 765 513315
671 775 520025
674 122 82228
674 671 452254
678 957 648846
682 129 87978
682 316 215512
682 391 266662
682 396 270072
682 637 434434
682 712 485584
682 883 602206
682 953 649946
682 958 653356
683 109 74447
683 187 127721
684 127 86868
685 759 519915
685 803 550055
688 583 401104
689 308 212212
689 616 424424
689 924 636636
691 107 73937
691 825 570075
693 143 99099
693 157 108801
693 247 171171
693 287 198891
693 364 252252
693 404 279972
693 481 333333
693 598 414414
693 845 585585
693 962 666666
694 418 290092
695 737 512215
695 825 573375
696 118 82128
696 704 489984
699 113 78987
699 825 576675
702 119 83538
703 825 579975
704 303 213312
704 333 234432
704 363 255552
704 393 276672
704 423 297792
704 576 405504
704 606 426624
704 636 447744
704 666 468864
704 696 489984
704 879 618816
704 909 639936
707 143 101101
707 253 178871
707 286 202202
707 396 279972
707 429 303303
707 572 404404
707 715 505505
707 858 606606
708 116 82128
711 129 91719
712 124 88288
712 682 485584
712 913 650056
713 187 133331
713 374 266662
713 561 399993
714 117 83538
714 308 219912
715 707 505505
715 721 515515
715 735 525525
715 749 535535
715 763 545545
715 777 555555
715 791 565565
715 805 575575
715 819 585585
715 833 595595
716 113 80908
721 715 515515
722 968 698896
726 123 89298
726 277 201102
726 352 255552
726 372 270072
726 554 402204
726 629 456654
726 649 471174
726 831 603306
726 906 657756
726 926 672276
727 127 92329
727 137 99599
728 111 80808
728 116 84448
728 121 88088
728 319 232232
728 374 272272
728 583 424424
728 638 464464
728 847 616616
728 902 656656
728 957 696696
731 231 168861
731 836 611116
733 109 79897
733 902 661166
735 715 525525
737 193 142241
737 306 225522
737 386 284482
737 419 308803
737 499 367763
737 695 512215
737 775 571175
737 888 654456
738 111 81918
738 121 89298
739 209 154451
741 231 171171
742 286 212212
742 572 424424
742 858 636636
744 363 270072
747 114 85158
748 116 86768
748 294 219912
748 309 231132
748 364 272272
748 548 409904
748 563 421124
748 618 462264
748 817 611116
748 872 652256
748 927 693396
749 715 535535
752 396 297792
754 112 84448
754 308 232232
754 616 464464
754 924 696696
755 671 506605
759 139 105501
759 388 294492
759 467 354453
759 527 399993
759 546 414414
759 606 459954
759 685 519915
759 874 663366
759 953 723327
761 118 89798
761 473 359953
762 114 86868
762 627 477774
763 715 545545
765 671 513315
766 108 82728
768 528 405504
768 583 447744
768 638 489984
772 109 84148
772 803 619916
773 792 612216
774 814 630036
775 671 520025
775 737 571175
777 104 80808
777 117 90909
777 143 111111
777 286 222222
777 429 333333
777 572 444444
777 715 555555
777 858 666666
779 308 239932
781 108 84348
782 341 266662
786 352 276672
789 407 321123
789 814 642246
791 715 565565
792 296 234432
792 341 270072
792 376 297792
792 512 405504
792 557 441144
792 592 468864
792 773 612216
792 808 639936
792 853 675576
794 869 689986
801 473 378873
803 137 110011
803 227 182281
803 274 220022
803 364 292292
803 411 330033
803 548 440044
803 635 509905
803 685 550055
803 772 619916
803 822 660066
803 909 729927
803 959 770077
804 814 654456
805 715 575575
806 539 434434
808 264 213312
808 319 257752
808 528 426624
808 792 639936
812 104 84448
812 286 232232
812 572 464464
812 858 696696
813 123 99999
813 451 366663
814 258 210012
814 273 222222
814 288 234432
814 303 246642
814 318 258852
814 516 420024
814 531 432234
814 546 444444
814 561 456654
814 576 468864
814 774 630036
814 789 642246
814 804 654456
814 819 666666
814 834 678876
816 103 84048
817 748 611116
819 102 83538
819 111 90909
819 121 99099
819 209 171171
819 308 252252
819 407 333333
819 506 414414
819 715 585585
819 814 666666
819 913 747747
822 109 89598
822 803 660066
823 451 371173
824 102 84048
824 561 462264
825 633 522225
825 637 525525
825 641 528825
825 691 570075
825 695 573375
825 699 576675
825 703 579975
831 119 98889
831 242 201102
831 484 402204
831 726 603306
831 968 804408
833 264 219912
833 715 595595
834 814 678876
836 287 239932
836 307 256652
836 327 273372
836 347 290092
836 489 408804
836 509 425524
836 529 442244
836 731 611116
836 836 698896
841 473 397793
841 605 508805
843 113 95259
843 605 510015
844 308 259952
844 957 807708
845 693 585585
846 352 297792
847 104 88088
847 117 99099
847 143 121121
847 223 188881
847 286 242242
847 429 363363
847 572 484484
847 728 616616
847 871 737737
847 921 780087
848 473 401104
848 528 447744
848 946 802208
849 407 345543
853 792 675576
858 259 222222
858 294 252252
858 329 282282
858 483 414414
858 518 444444
858 553 474474
858 707 606606
858 742 636636
858 777 666666
858 812 696696
858 966 828828
861 231 198891
863 869 749947
865 605 523325
866 103 89198
867 924 801108
868 946 821128
869 179 155551
869 248 215512
869 546 474474
869 615 534435
869 794 689986
869 863 749947
869 913 793397
869 932 809908
869 982 853358
871 847 737737
872 748 652256
874 253 221122
874 506 442244
874 759 663366
877 107 93839
878 319 280082
879 407 357753
879 704 618816
881 121 106601
882 286 252252
883 341 301103
883 682 602206
884 308 272272
886 242 214412
886 484 428824
887 605 536635
888 264 234432
888 473 420024
888 528 468864
888 737 654456
888 946 840048
892 517 461164
894 957 855558
895 627 561165
897 462 414414
897 924 828828
902 266 239932
902 271 244442
902 452 407704
902 457 412214
902 542 488884
902 547 493394
902 728 656656
902 733 661166
902 909 819918
902 914 824428
903 187 168861
904 451 407704
905 561 507705
906 726 657756
909 209 189981
909 308 279972
909 407 369963
909 506 459954
909 605 549945
909 704 639936
909 803 729927
909 902 819918
911 109 99299
911 605 551155
913 157 143341
913 314 286682
913 331 302203
913 488 445544
913 538 491194
913 645 588885
913 662 604406
913 712 650056
913 819 747747
913 869 793397
913 993 906609
914 451 412214
914 902 824428
915 561 513315
916 484 443344
916 968 886688
917 143 131131
917 286 262262
917 429 393393
921 847 780087
922 517 476674
924 238 219912
924 273 252252
924 303 279972
924 481 444444
924 689 636636
924 754 696696
924 867 801108
924 897 828828
924 932 861168
924 962 888888
925 627 579975
926 726 672276
927 748 693396
928 528 489984
929 506 470074
932 869 809908
932 924 861168
933 187 174471
933 605 564465
935 543 507705
935 549 513315
935 587 548845
935 593 554455
935 599 560065
935 631 589985
935 637 595595
941 242 227722
944 253 238832
946 222 210012
946 424 401104
946 444 420024
946 646 611116
946 666 630036
946 848 802208
946 868 821128
946 888 840048
949 308 292292
952 231 219912
952 286 272272
953 682 649946
953 759 723327
955 605 577775
957 123 117711
957 173 165561
957 339 324423
957 389 372273
957 512 489984
957 555 531135
957 678 648846
957 728 696696
957 844 807708
957 894 855558
958 682 653356
959 803 770077
961 363 348843
962 231 222222
962 462 444444
962 693 666666
962 924 888888
963 187 180081
964 506 487784
966 429 414414
966 858 828828
968 264 255552
968 279 270072
968 443 428824
968 458 443344
968 637 616616
968 652 631136
968 722 698896
968 831 804408
968 916 886688
971 484 469964
974 308 299992
975 539 525525
977 638 623326
978 209 204402
978 418 408804
979 337 329923
979 387 378873
979 446 436634
979 496 485584
979 555 543345
979 605 592295
979 614 601106
979 664 650056
982 869 853358
987 143 141141
987 286 282282
991 121 119911
993 913 906609
995 517 514415
995 583 580085
